v2.0 raw
00 08 01 37
FF C1 01 13
00 C0 00 EF
00 40 00 6F
00 00 00 6F
FE 01 01 13
00 81 2E 23
02 01 04 13
80 00 07 B7
00 10 07 13
00 E7 83 23
80 00 07 B7
00 20 07 13
00 E7 83 A3
80 00 07 B7
00 30 07 13
00 E7 80 23
80 00 07 B7
00 10 07 13
00 E7 80 A3
FE 04 26 23
FE C4 27 83
00 17 87 93
FE F4 26 23
FE C4 27 83
00 77 97 93
FE F4 26 23
FE C4 27 83
40 37 D7 93
FE F4 26 23
FE C4 27 83
00 F7 87 93
FE F4 26 23
40 00 07 B7
00 17 87 93
FE F4 24 23
FE C4 27 83
0F F7 F7 13
FE 84 27 83
00 E7 80 23
FE 84 27 83
00 20 07 13
00 E7 80 23
FE 84 27 83
05 50 07 13
00 E7 80 23
FE 84 27 83
00 50 07 13
00 E7 80 23
FE 84 27 83
05 50 07 13
00 E7 80 23
80 00 07 B7
FA A0 07 13
00 E7 80 23
00 00 07 93
00 07 85 13
01 C1 24 03
02 01 01 13
00 00 80 67